9999999999999999999999999999
9111111111111991111111111119
9199991999991991999991999919
9299991999991991999991999929
9199991999991991999991999919
9111111111111111111111111119
9199991991999999991991999919
9199991991999999991991999919
9111111991111991111991111119
9999991999990990999991999999
9999991999990990999991999999
9999991990000000000991999999
9999991990999779990991999999
9999991990900000090991999999
5000001000900000090001000006
9999991990900000090991999999
9999991990999999990991999999
9999991990000000000991999999
9999991990999999990991999999
9999991990999999990991999999
9111111111111991111111111119
9199991999991991999991999919
9199991999991991999991999919
9211991111111001111111991129
9991991991999999991991991999
9991991991999999991991991999
9111111991111991111991111119
9199999999991991999999999919
9199999999991991999999999919
9111111111111111111111111119
9999999999999999999999999999